160
0
1
2
3
4
5
6
7
8
9
10
11
12
13
14
15
16
17
18
19
20
21
22
23
24
25
26
27
28
29
30
31
32
33
34
35
36
37
38
39
40
41
42
43
44
45
46
47
48
49
50
51
52
53
54
55
56
57
58
59
60
61
62
63
64
65
66
67
68
69
70
71
72
73
74
75
76
77
78
79
80
81
82
83
84
85
86
87
88
89
90
91
92
93
94
95
96
97
98
99
100
101
102
103
104
105
106
107
108
109
110
111
112
113
114
115
116
117
118
119
120
121
122
123
124
125
126
127
128
129
130
131
132
133
134
135
136
137
138
139
140
141
142
143
144
145
146
147
148
149
150
151
152
153
154
155
156
157
158
159
111
85 35
123 36
125 76
1 119
47 57
43 141
129 43
97 148
124 5
89 42
35 115
49 32
44 39
87 38
46 96
46 146
119 147
143 4
27 158
112 20
140 50
39 94
119 90
22 89
36 126
21 61
136 32
3 57
145 80
145 142
50 101
152 48
157 80
28 1
159 56
135 157
111 61
43 6
92 102
42 63
4 152
35 27
89 145
68 46
120 70
114 137
128 83
22 136
28 110
26 149
46 78
21 72
83 46
6 77
56 12
128 84
1 107
37 149
143 90
109 144
110 137
130 50
44 145
93 149
45 19
71 20
81 139
109 114
63 62
93 19
98 1
72 98
69 39
65 136
6 50
98 77
115 101
41 116
38 49
92 35
108 43
92 86
128 30
46 15
18 45
13 82
118 93
126 78
145 28
151 82
25 54
63 155
30 116
44 23
139 30
92 8
109 81
46 148
105 100
61 111
86 132
13 106
82 62
86 10
62 89
8 29
157 110
89 19
157 139
127 142
30 13
